0.011026287332483658 3.379423382381699 18.184672181803677 13.394207130830571 0.003559135312169 6.074935002291668 0.719345289329483 3.29308247793236 13.906782892134125
0.011026289101213622 3.3794233923816988 18.184672181803677 13.394207130830571 0.003559135312169 6.074935002291668 0.719345289329483 3.29308247793236 13.906782892134125
0.011026287337570195 3.379423382381699 18.184672191803678 13.394207130830571 0.003559135312169 6.074935002291668 0.719345289329483 3.29308247793236 13.906782892134125
0.011026287335335883 3.379423382381699 18.184672181803677 13.394207140830572 0.003559135312169 6.074935002291668 0.719345289329483 3.29308247793236 13.906782892134125
0.011026287331237323 3.379423382381699 18.184672181803677 13.394207130830571 0.003559145312169 6.074935002291668 0.719345289329483 3.29308247793236 13.906782892134125
0.011026287330412351 3.379423382381699 18.184672181803677 13.394207130830571 0.003559135312169 6.074935012291668 0.719345289329483 3.29308247793236 13.906782892134125
0.011026287323951634 3.379423382381699 18.184672181803677 13.394207130830571 0.003559135312169 6.074935002291668 0.7193452993294831 3.29308247793236 13.906782892134125
0.01102628762206585 3.379423382381699 18.184672181803677 13.394207130830571 0.003559135312169 6.074935002291668 0.719345289329483 3.29308248793236 13.906782892134125
0.011026287388377763 3.379423382381699 18.184672181803677 13.394207130830571 0.003559135312169 6.074935002291668 0.719345289329483 3.29308247793236 13.906782902134125
0.06986175581727183 2.3930592893645333 18.18183558311282 13.392616536151602 0.004254176243661046 6.076090103728132 0.7241033260193499 3.131591757781545 13.875612541259247
0.06986175607858161 2.393059299364533 18.18183558311282 13.392616536151602 0.004254176243661046 6.076090103728132 0.7241033260193499 3.131591757781545 13.875612541259247
0.06986175581387712 2.3930592893645333 18.181835593112822 13.392616536151602 0.004254176243661046 6.076090103728132 0.7241033260193499 3.131591757781545 13.875612541259247
0.06986175581662443 2.3930592893645333 18.18183558311282 13.392616546151602 0.004254176243661046 6.076090103728132 0.7241033260193499 3.131591757781545 13.875612541259247
0.06986175581440694 2.3930592893645333 18.18183558311282 13.392616536151602 0.004254186243661046 6.076090103728132 0.7241033260193499 3.131591757781545 13.875612541259247
0.06986175581009582 2.3930592893645333 18.18183558311282 13.392616536151602 0.004254176243661046 6.076090113728132 0.7241033260193499 3.131591757781545 13.875612541259247
0.0698617557026948 2.3930592893645333 18.18183558311282 13.392616536151602 0.004254176243661046 6.076090103728132 0.72410333601935 3.131591757781545 13.875612541259247
0.06986175589383835 2.3930592893645333 18.18183558311282 13.392616536151602 0.004254176243661046 6.076090103728132 0.7241033260193499 3.131591767781545 13.875612541259247
0.06986175583504205 2.3930592893645333 18.18183558311282 13.392616536151602 0.004254176243661046 6.076090103728132 0.7241033260193499 3.131591757781545 13.875612551259248
0.03552235191469231 3.1910212945870158 18.18413037262857 13.393903316690869 0.003691892742739401 6.075155634331891 0.7202541059140696 3.262236678646608 13.90082914825426
0.035522350994196226 3.1910213045870157 18.18413037262857 13.393903316690869 0.003691892742739401 6.075155634331891 0.7202541059140696 3.262236678646608 13.90082914825426
0.03552235188636576 3.1910212945870158 18.18413038262857 13.393903316690869 0.003691892742739401 6.075155634331891 0.7202541059140696 3.262236678646608 13.90082914825426
0.035522351906535285 3.1910212945870158 18.18413037262857 13.39390332669087 0.003691892742739401 6.075155634331891 0.7202541059140696 3.262236678646608 13.90082914825426
0.03552235189243606 3.1910212945870158 18.18413037262857 13.393903316690869 0.0036919027427394007 6.075155634331891 0.7202541059140696 3.262236678646608 13.90082914825426
0.035522351859232616 3.1910212945870158 18.18413037262857 13.393903316690869 0.003691892742739401 6.075155644331891 0.7202541059140696 3.262236678646608 13.90082914825426
0.03552235097823193 3.1910212945870158 18.18413037262857 13.393903316690869 0.003691892742739401 6.075155634331891 0.7202541159140696 3.262236678646608 13.90082914825426
0.035522351911120686 3.1910212945870158 18.18413037262857 13.393903316690869 0.003691892742739401 6.075155634331891 0.7202541059140696 3.262236688646608 13.90082914825426
0.03552235199943968 3.1910212945870158 18.18413037262857 13.393903316690869 0.003691892742739401 6.075155634331891 0.7202541059140696 3.262236678646608 13.900829158254261
0.011335681604803296 3.3498896102259237 18.18458724819749 13.394159505150386 0.0035799462689495064 6.074969588407366 0.7194877547461604 3.2882471132146347 13.905849587640104
0.011335681117875428 3.3498896202259236 18.18458724819749 13.394159505150386 0.0035799462689495064 6.074969588407366 0.7194877547461604 3.2882471132146347 13.905849587640104
0.011335681575901533 3.3498896102259237 18.184587258197492 13.394159505150386 0.0035799462689495064 6.074969588407366 0.7194877547461604 3.2882471132146347 13.905849587640104
0.011335681596075507 3.3498896102259237 18.18458724819749 13.394159515150386 0.0035799462689495064 6.074969588407366 0.7194877547461604 3.2882471132146347 13.905849587640104
0.011335681578333574 3.3498896102259237 18.18458724819749 13.394159505150386 0.0035799562689495064 6.074969588407366 0.7194877547461604 3.2882471132146347 13.905849587640104
0.011335681540708851 3.3498896102259237 18.18458724819749 13.394159505150386 0.0035799462689495064 6.074969598407366 0.7194877547461604 3.2882471132146347 13.905849587640104
0.011335680502895443 3.3498896102259237 18.18458724819749 13.394159505150386 0.0035799462689495064 6.074969588407366 0.7194877647461605 3.2882471132146347 13.905849587640104
0.011335681629158701 3.3498896102259237 18.18458724819749 13.394159505150386 0.0035799462689495064 6.074969588407366 0.7194877547461604 3.2882471232146346 13.905849587640104
0.011335681721488652 3.3498896102259237 18.18458724819749 13.394159505150386 0.0035799462689495064 6.074969588407366 0.7194877547461604 3.2882471132146347 13.905849597640104
0.00964284996596154 3.3694374166186805 18.184643464033424 13.394191027624748 0.0035661719176120726 6.07494669655698 0.7193934597685943 3.291447543313503 13.906467323006192
0.009642850846766199 3.3694374266186804 18.184643464033424 13.394191027624748 0.0035661719176120726 6.07494669655698 0.7193934597685943 3.291447543313503 13.906467323006192
0.009642849959066765 3.3694374166186805 18.184643474033425 13.394191027624748 0.0035661719176120726 6.07494669655698 0.7193934597685943 3.291447543313503 13.906467323006192
0.009642849963522656 3.3694374166186805 18.184643464033424 13.394191037624749 0.0035661719176120726 6.07494669655698 0.7193934597685943 3.291447543313503 13.906467323006192
0.009642849955853615 3.3694374166186805 18.184643464033424 13.394191027624748 0.0035661819176120726 6.07494669655698 0.7193934597685943 3.291447543313503 13.906467323006192
0.009642849943087312 3.3694374166186805 18.184643464033424 13.394191027624748 0.0035661719176120726 6.07494670655698 0.7193934597685943 3.291447543313503 13.906467323006192
0.009642849556725772 3.3694374166186805 18.184643464033424 13.394191027624748 0.0035661719176120726 6.07494669655698 0.7193934697685943 3.291447543313503 13.906467323006192
0.009642850138843057 3.3694374166186805 18.184643464033424 13.394191027624748 0.0035661719176120726 6.07494669655698 0.7193934597685943 3.291447553313503 13.906467323006192
0.009642850041037165 3.3694374166186805 18.184643464033424 13.394191027624748 0.0035661719176120726 6.07494669655698 0.7193934597685943 3.291447543313503 13.906467333006193
0.008711610138410934 3.3560093736425736 18.184782458839596 13.3942420786811 0.003754365552653415 6.075373919415186 0.7270878238977225 3.288708880939327 13.905153000427573
0.008711609897322347 3.3560093836425735 18.184782458839596 13.3942420786811 0.003754365552653415 6.075373919415186 0.7270878238977225 3.288708880939327 13.905153000427573
0.008711610118182918 3.3560093736425736 18.184782468839597 13.3942420786811 0.003754365552653415 6.075373919415186 0.7270878238977225 3.288708880939327 13.905153000427573
0.008711610131216563 3.3560093736425736 18.184782458839596 13.3942420886811 0.003754365552653415 6.075373919415186 0.7270878238977225 3.288708880939327 13.905153000427573
0.008711610120799749 3.3560093736425736 18.184782458839596 13.3942420786811 0.003754375552653415 6.075373919415186 0.7270878238977225 3.288708880939327 13.905153000427573
0.008711610096914124 3.3560093736425736 18.184782458839596 13.3942420786811 0.003754365552653415 6.075373929415186 0.7270878238977225 3.288708880939327 13.905153000427573
0.00871160939468508 3.3560093736425736 18.184782458839596 13.3942420786811 0.003754365552653415 6.075373919415186 0.7270878338977226 3.288708880939327 13.905153000427573
0.008711610165090151 3.3560093736425736 18.184782458839596 13.3942420786811 0.003754365552653415 6.075373919415186 0.7270878238977225 3.288708890939327 13.905153000427573
0.00871161022348463 3.3560093736425736 18.184782458839596 13.3942420786811 0.003754365552653415 6.075373919415186 0.7270878238977225 3.288708880939327 13.905153010427574
0.008150307887623765 3.350776724646712 18.185027831546826 13.394326936160038 0.003999144128338206 6.075944519135899 0.7372466423981796 3.2869848387185083 13.90374074075557
0.008150307426987167 3.350776734646712 18.185027831546826 13.394326936160038 0.003999144128338206 6.075944519135899 0.7372466423981796 3.2869848387185083 13.90374074075557
0.008150307865200851 3.350776724646712 18.185027841546827 13.394326936160038 0.003999144128338206 6.075944519135899 0.7372466423981796 3.2869848387185083 13.90374074075557
0.00815030788107447 3.350776724646712 18.185027831546826 13.394326946160039 0.003999144128338206 6.075944519135899 0.7372466423981796 3.2869848387185083 13.90374074075557
0.008150307871122241 3.350776724646712 18.185027831546826 13.394326936160038 0.003999154128338206 6.075944519135899 0.7372466423981796 3.2869848387185083 13.90374074075557
0.008150307847257553 3.350776724646712 18.185027831546826 13.394326936160038 0.003999144128338206 6.075944529135899 0.7372466423981796 3.2869848387185083 13.90374074075557
0.008150307202699396 3.350776724646712 18.185027831546826 13.394326936160038 0.003999144128338206 6.075944519135899 0.7372466523981797 3.2869848387185083 13.90374074075557
0.008150307884691106 3.350776724646712 18.185027831546826 13.394326936160038 0.003999144128338206 6.075944519135899 0.7372466423981796 3.2869848487185083 13.90374074075557
0.008150307966933536 3.350776724646712 18.185027831546826 13.394326936160038 0.003999144128338206 6.075944519135899 0.7372466423981796 3.2869848387185083 13.90374075075557
0.007164807322836526 3.3405157304109068 18.186337398705174 13.394599305670452 0.0049521333254541975 6.078337760532011 0.7748970494713948 3.2807160165985705 13.897776820244198
0.011026287332483658 3.379423382381699 18.184672181803677 13.394207130830571 0.003559135312169 6.074935002291668 0.719345289329483 3.29308247793236 13.906782892134125
0.011026289101213622 3.3794233923816988 18.184672181803677 13.394207130830571 0.003559135312169 6.074935002291668 0.719345289329483 3.29308247793236 13.906782892134125
0.011026287337570195 3.379423382381699 18.184672191803678 13.394207130830571 0.003559135312169 6.074935002291668 0.719345289329483 3.29308247793236 13.906782892134125
0.011026287335335883 3.379423382381699 18.184672181803677 13.394207140830572 0.003559135312169 6.074935002291668 0.719345289329483 3.29308247793236 13.906782892134125
0.011026287331237323 3.379423382381699 18.184672181803677 13.394207130830571 0.003559145312169 6.074935002291668 0.719345289329483 3.29308247793236 13.906782892134125
0.011026287330412351 3.379423382381699 18.184672181803677 13.394207130830571 0.003559135312169 6.074935012291668 0.719345289329483 3.29308247793236 13.906782892134125
0.011026287323951634 3.379423382381699 18.184672181803677 13.394207130830571 0.003559135312169 6.074935002291668 0.7193452993294831 3.29308247793236 13.906782892134125
0.01102628762206585 3.379423382381699 18.184672181803677 13.394207130830571 0.003559135312169 6.074935002291668 0.719345289329483 3.29308248793236 13.906782892134125
0.011026287388377763 3.379423382381699 18.184672181803677 13.394207130830571 0.003559135312169 6.074935002291668 0.719345289329483 3.29308247793236 13.906782902134125
0.06986175581727183 2.3930592893645333 18.18183558311282 13.392616536151602 0.004254176243661046 6.076090103728132 0.7241033260193499 3.131591757781545 13.875612541259247
0.06986175607858161 2.393059299364533 18.18183558311282 13.392616536151602 0.004254176243661046 6.076090103728132 0.7241033260193499 3.131591757781545 13.875612541259247
0.06986175581387712 2.3930592893645333 18.181835593112822 13.392616536151602 0.004254176243661046 6.076090103728132 0.7241033260193499 3.131591757781545 13.875612541259247
0.06986175581662443 2.3930592893645333 18.18183558311282 13.392616546151602 0.004254176243661046 6.076090103728132 0.7241033260193499 3.131591757781545 13.875612541259247
0.06986175581440694 2.3930592893645333 18.18183558311282 13.392616536151602 0.004254186243661046 6.076090103728132 0.7241033260193499 3.131591757781545 13.875612541259247
0.06986175581009582 2.3930592893645333 18.18183558311282 13.392616536151602 0.004254176243661046 6.076090113728132 0.7241033260193499 3.131591757781545 13.875612541259247
0.0698617557026948 2.3930592893645333 18.18183558311282 13.392616536151602 0.004254176243661046 6.076090103728132 0.72410333601935 3.131591757781545 13.875612541259247
0.06986175589383835 2.3930592893645333 18.18183558311282 13.392616536151602 0.004254176243661046 6.076090103728132 0.7241033260193499 3.131591767781545 13.875612541259247
0.06986175583504205 2.3930592893645333 18.18183558311282 13.392616536151602 0.004254176243661046 6.076090103728132 0.7241033260193499 3.131591757781545 13.875612551259248
0.03552235191469231 3.1910212945870158 18.18413037262857 13.393903316690869 0.003691892742739401 6.075155634331891 0.7202541059140696 3.262236678646608 13.90082914825426
0.035522350994196226 3.1910213045870157 18.18413037262857 13.393903316690869 0.003691892742739401 6.075155634331891 0.7202541059140696 3.262236678646608 13.90082914825426
0.03552235188636576 3.1910212945870158 18.18413038262857 13.393903316690869 0.003691892742739401 6.075155634331891 0.7202541059140696 3.262236678646608 13.90082914825426
0.035522351906535285 3.1910212945870158 18.18413037262857 13.39390332669087 0.003691892742739401 6.075155634331891 0.7202541059140696 3.262236678646608 13.90082914825426
0.03552235189243606 3.1910212945870158 18.18413037262857 13.393903316690869 0.0036919027427394007 6.075155634331891 0.7202541059140696 3.262236678646608 13.90082914825426
0.035522351859232616 3.1910212945870158 18.18413037262857 13.393903316690869 0.003691892742739401 6.075155644331891 0.7202541059140696 3.262236678646608 13.90082914825426
0.03552235097823193 3.1910212945870158 18.18413037262857 13.393903316690869 0.003691892742739401 6.075155634331891 0.7202541159140696 3.262236678646608 13.90082914825426
0.035522351911120686 3.1910212945870158 18.18413037262857 13.393903316690869 0.003691892742739401 6.075155634331891 0.7202541059140696 3.262236688646608 13.90082914825426
0.03552235199943968 3.1910212945870158 18.18413037262857 13.393903316690869 0.003691892742739401 6.075155634331891 0.7202541059140696 3.262236678646608 13.900829158254261
0.011335681604803296 3.3498896102259237 18.18458724819749 13.394159505150386 0.0035799462689495064 6.074969588407366 0.7194877547461604 3.2882471132146347 13.905849587640104
0.011335681117875428 3.3498896202259236 18.18458724819749 13.394159505150386 0.0035799462689495064 6.074969588407366 0.7194877547461604 3.2882471132146347 13.905849587640104
0.011335681575901533 3.3498896102259237 18.184587258197492 13.394159505150386 0.0035799462689495064 6.074969588407366 0.7194877547461604 3.2882471132146347 13.905849587640104
0.011335681596075507 3.3498896102259237 18.18458724819749 13.394159515150386 0.0035799462689495064 6.074969588407366 0.7194877547461604 3.2882471132146347 13.905849587640104
0.011335681578333574 3.3498896102259237 18.18458724819749 13.394159505150386 0.0035799562689495064 6.074969588407366 0.7194877547461604 3.2882471132146347 13.905849587640104
0.011335681540708851 3.3498896102259237 18.18458724819749 13.394159505150386 0.0035799462689495064 6.074969598407366 0.7194877547461604 3.2882471132146347 13.905849587640104
0.011335680502895443 3.3498896102259237 18.18458724819749 13.394159505150386 0.0035799462689495064 6.074969588407366 0.7194877647461605 3.2882471132146347 13.905849587640104
0.011335681629158701 3.3498896102259237 18.18458724819749 13.394159505150386 0.0035799462689495064 6.074969588407366 0.7194877547461604 3.2882471232146346 13.905849587640104
0.011335681721488652 3.3498896102259237 18.18458724819749 13.394159505150386 0.0035799462689495064 6.074969588407366 0.7194877547461604 3.2882471132146347 13.905849597640104
0.00964284996596154 3.3694374166186805 18.184643464033424 13.394191027624748 0.0035661719176120726 6.07494669655698 0.7193934597685943 3.291447543313503 13.906467323006192
0.009642850846766199 3.3694374266186804 18.184643464033424 13.394191027624748 0.0035661719176120726 6.07494669655698 0.7193934597685943 3.291447543313503 13.906467323006192
0.009642849959066765 3.3694374166186805 18.184643474033425 13.394191027624748 0.0035661719176120726 6.07494669655698 0.7193934597685943 3.291447543313503 13.906467323006192
0.009642849963522656 3.3694374166186805 18.184643464033424 13.394191037624749 0.0035661719176120726 6.07494669655698 0.7193934597685943 3.291447543313503 13.906467323006192
0.009642849955853615 3.3694374166186805 18.184643464033424 13.394191027624748 0.0035661819176120726 6.07494669655698 0.7193934597685943 3.291447543313503 13.906467323006192
0.009642849943087312 3.3694374166186805 18.184643464033424 13.394191027624748 0.0035661719176120726 6.07494670655698 0.7193934597685943 3.291447543313503 13.906467323006192
0.009642849556725772 3.3694374166186805 18.184643464033424 13.394191027624748 0.0035661719176120726 6.07494669655698 0.7193934697685943 3.291447543313503 13.906467323006192
0.009642850138843057 3.3694374166186805 18.184643464033424 13.394191027624748 0.0035661719176120726 6.07494669655698 0.7193934597685943 3.291447553313503 13.906467323006192
0.009642850041037165 3.3694374166186805 18.184643464033424 13.394191027624748 0.0035661719176120726 6.07494669655698 0.7193934597685943 3.291447543313503 13.906467333006193
0.008711610138410934 3.3560093736425736 18.184782458839596 13.3942420786811 0.003754365552653415 6.075373919415186 0.7270878238977225 3.288708880939327 13.905153000427573
0.008711609897322347 3.3560093836425735 18.184782458839596 13.3942420786811 0.003754365552653415 6.075373919415186 0.7270878238977225 3.288708880939327 13.905153000427573
0.008711610118182918 3.3560093736425736 18.184782468839597 13.3942420786811 0.003754365552653415 6.075373919415186 0.7270878238977225 3.288708880939327 13.905153000427573
0.008711610131216563 3.3560093736425736 18.184782458839596 13.3942420886811 0.003754365552653415 6.075373919415186 0.7270878238977225 3.288708880939327 13.905153000427573
0.008711610120799749 3.3560093736425736 18.184782458839596 13.3942420786811 0.003754375552653415 6.075373919415186 0.7270878238977225 3.288708880939327 13.905153000427573
0.008711610096914124 3.3560093736425736 18.184782458839596 13.3942420786811 0.003754365552653415 6.075373929415186 0.7270878238977225 3.288708880939327 13.905153000427573
0.00871160939468508 3.3560093736425736 18.184782458839596 13.3942420786811 0.003754365552653415 6.075373919415186 0.7270878338977226 3.288708880939327 13.905153000427573
0.008711610165090151 3.3560093736425736 18.184782458839596 13.3942420786811 0.003754365552653415 6.075373919415186 0.7270878238977225 3.288708890939327 13.905153000427573
0.00871161022348463 3.3560093736425736 18.184782458839596 13.3942420786811 0.003754365552653415 6.075373919415186 0.7270878238977225 3.288708880939327 13.905153010427574
0.008150307887623765 3.350776724646712 18.185027831546826 13.394326936160038 0.003999144128338206 6.075944519135899 0.7372466423981796 3.2869848387185083 13.90374074075557
0.008150307426987167 3.350776734646712 18.185027831546826 13.394326936160038 0.003999144128338206 6.075944519135899 0.7372466423981796 3.2869848387185083 13.90374074075557
0.008150307865200851 3.350776724646712 18.185027841546827 13.394326936160038 0.003999144128338206 6.075944519135899 0.7372466423981796 3.2869848387185083 13.90374074075557
0.00815030788107447 3.350776724646712 18.185027831546826 13.394326946160039 0.003999144128338206 6.075944519135899 0.7372466423981796 3.2869848387185083 13.90374074075557
0.008150307871122241 3.350776724646712 18.185027831546826 13.394326936160038 0.003999154128338206 6.075944519135899 0.7372466423981796 3.2869848387185083 13.90374074075557
0.008150307847257553 3.350776724646712 18.185027831546826 13.394326936160038 0.003999144128338206 6.075944529135899 0.7372466423981796 3.2869848387185083 13.90374074075557
0.008150307202699396 3.350776724646712 18.185027831546826 13.394326936160038 0.003999144128338206 6.075944519135899 0.7372466523981797 3.2869848387185083 13.90374074075557
0.008150307884691106 3.350776724646712 18.185027831546826 13.394326936160038 0.003999144128338206 6.075944519135899 0.7372466423981796 3.2869848487185083 13.90374074075557
0.008150307966933536 3.350776724646712 18.185027831546826 13.394326936160038 0.003999144128338206 6.075944519135899 0.7372466423981796 3.2869848387185083 13.90374075075557
0.007164807322836526 3.3405157304109068 18.186337398705174 13.394599305670452 0.0049521333254541975 6.078337760532011 0.7748970494713948 3.2807160165985705 13.897776820244198
0.007164807095124383 3.3405157404109067 18.186337398705174 13.394599305670452 0.0049521333254541975 6.078337760532011 0.7748970494713948 3.2807160165985705 13.897776820244198
0.007164807307763264 3.3405157304109068 18.186337408705175 13.394599305670452 0.0049521333254541975 6.078337760532011 0.7748970494713948 3.2807160165985705 13.897776820244198
0.007164807325554591 3.3405157304109068 18.186337398705174 13.394599315670453 0.0049521333254541975 6.078337760532011 0.7748970494713948 3.2807160165985705 13.897776820244198
0.00716480732254124 3.3405157304109068 18.186337398705174 13.394599305670452 0.0049521433254541974 6.078337760532011 0.7748970494713948 3.2807160165985705 13.897776820244198
0.007164807311851412 3.3405157304109068 18.186337398705174 13.394599305670452 0.0049521333254541975 6.078337770532011 0.7748970494713948 3.2807160165985705 13.897776820244198
0.007164807346074939 3.3405157304109068 18.186337398705174 13.394599305670452 0.0049521333254541975 6.078337760532011 0.7748970594713949 3.2807160165985705 13.897776820244198
0.00716480731718441 3.3405157304109068 18.186337398705174 13.394599305670452 0.0049521333254541975 6.078337760532011 0.7748970494713948 3.2807160265985704 13.897776820244198
0.007164807353742316 3.3405157304109068 18.186337398705174 13.394599305670452 0.0049521333254541975 6.078337760532011 0.7748970494713948 3.2807160165985705 13.897776830244199
0.007110056719597175 3.3440927775642866 18.18671713052492 13.394453950137203 0.004847920130047133 6.078458483982364 0.7694142719605161 3.28073633246485 13.89717273912427
0.007110056702056141 3.3440927875642865 18.18671713052492 13.394453950137203 0.004847920130047133 6.078458483982364 0.7694142719605161 3.28073633246485 13.89717273912427
0.007110056705761954 3.3440927775642866 18.18671714052492 13.394453950137203 0.004847920130047133 6.078458483982364 0.7694142719605161 3.28073633246485 13.89717273912427
0.007110056722352291 3.3440927775642866 18.18671713052492 13.394453960137204 0.004847920130047133 6.078458483982364 0.7694142719605161 3.28073633246485 13.89717273912427
0.00711005671877084 3.3440927775642866 18.18671713052492 13.394453950137203 0.004847930130047133 6.078458483982364 0.7694142719605161 3.28073633246485 13.89717273912427
0.0071100567084529534 3.3440927775642866 18.18671713052492 13.394453950137203 0.004847920130047133 6.078458493982364 0.7694142719605161 3.28073633246485 13.89717273912427
0.007110056725017473 3.3440927775642866 18.18671713052492 13.394453950137203 0.004847920130047133 6.078458483982364 0.7694142819605162 3.28073633246485 13.89717273912427
0.0071100567466500335 3.3440927775642866 18.18671713052492 13.394453950137203 0.004847920130047133 6.078458483982364 0.7694142719605161 3.28073634246485 13.89717273912427
0.007110056756056749 3.3440927775642866 18.18671713052492 13.394453950137203 0.004847920130047133 6.078458483982364 0.7694142719605161 3.28073633246485 13.897172749124271
0.0071031330080610095 3.3447384858332505 18.187103429580883 13.394369083275873 0.004856851476881152 6.078750771347522 0.7686805486881821 3.280036238979043 13.896189917056443
0.007103133032064937 3.3447384958332504 18.187103429580883 13.394369083275873 0.004856851476881152 6.078750771347522 0.7686805486881821 3.280036238979043 13.896189917056443
0.007103132994593502 3.3447384858332505 18.187103439580884 13.394369083275873 0.004856851476881152 6.078750771347522 0.7686805486881821 3.280036238979043 13.896189917056443
0.007103133010917081 3.3447384858332505 18.187103429580883 13.394369093275873 0.004856851476881152 6.078750771347522 0.7686805486881821 3.280036238979043 13.896189917056443
0.007103133007328346 3.3447384858332505 18.187103429580883 13.394369083275873 0.004856861476881152 6.078750771347522 0.7686805486881821 3.280036238979043 13.896189917056443
0.007103132997247553 3.3447384858332505 18.187103429580883 13.394369083275873 0.004856851476881152 6.078750781347522 0.7686805486881821 3.280036238979043 13.896189917056443
0.007103133018028646 3.3447384858332505 18.187103429580883 13.394369083275873 0.004856851476881152 6.078750771347522 0.7686805586881822 3.280036238979043 13.896189917056443
0.007103133040831174 3.3447384858332505 18.187103429580883 13.394369083275873 0.004856851476881152 6.078750771347522 0.7686805486881821 3.280036248979043 13.896189917056443
0.007103133044867077 3.3447384858332505 18.187103429580883 13.394369083275873 0.004856851476881152 6.078750771347522 0.7686805486881821 3.280036238979043 13.896189927056444
0.007071393342763007 3.347140262739343 18.18951485300711 13.393861313053415 0.00495589697956523 6.080640340299964 0.7659133247754439 3.2753232020000396 13.889898054322858
0.007071393493450873 3.347140272739343 18.18951485300711 13.393861313053415 0.00495589697956523 6.080640340299964 0.7659133247754439 3.2753232020000396 13.889898054322858
0.007071393330483838 3.347140262739343 18.189514863007112 13.393861313053415 0.00495589697956523 6.080640340299964 0.7659133247754439 3.2753232020000396 13.889898054322858
0.007071393345899111 3.347140262739343 18.18951485300711 13.393861323053416 0.00495589697956523 6.080640340299964 0.7659133247754439 3.2753232020000396 13.889898054322858
0.007071393342302624 3.347140262739343 18.18951485300711 13.393861313053415 0.00495590697956523 6.080640340299964 0.7659133247754439 3.2753232020000396 13.889898054322858
0.007071393332962666 3.347140262739343 18.18951485300711 13.393861313053415 0.00495589697956523 6.080640350299964 0.7659133247754439 3.2753232020000396 13.889898054322858
0.007071393365822878 3.347140262739343 18.18951485300711 13.393861313053415 0.00495589697956523 6.080640340299964 0.765913334775444 3.2753232020000396 13.889898054322858
0.007071393392604589 3.347140262739343 18.18951485300711 13.393861313053415 0.00495589697956523 6.080640340299964 0.7659133247754439 3.2753232120000395 13.889898054322858
0.007071393380511674 3.347140262739343 18.18951485300711 13.393861313053415 0.00495589697956523 6.080640340299964 0.7659133247754439 3.2753232020000396 13.889898064322859
0.007009072174377626 3.3508942822049264 18.19507058531005 13.392716396987009 0.005232681670114766 6.085067262528844 0.7615742748316353 3.2640936304401613 13.875227246058222
0.007009072472142443 3.3508942922049263 18.19507058531005 13.392716396987009 0.005232681670114766 6.085067262528844 0.7615742748316353 3.2640936304401613 13.875227246058222
0.007009072163639754 3.3508942822049264 18.19507059531005 13.392716396987009 0.005232681670114766 6.085067262528844 0.7615742748316353 3.2640936304401613 13.875227246058222
0.007009072177780476 3.3508942822049264 18.19507058531005 13.39271640698701 0.005232681670114766 6.085067262528844 0.7615742748316353 3.2640936304401613 13.875227246058222
0.007009072174210244 3.3508942822049264 18.19507058531005 13.392716396987009 0.005232691670114766 6.085067262528844 0.7615742748316353 3.2640936304401613 13.875227246058222
0.00700907216580204 3.3508942822049264 18.19507058531005 13.392716396987009 0.005232681670114766 6.0850672725288435 0.7615742748316353 3.2640936304401613 13.875227246058222
0.007009072211213642 3.3508942822049264 18.19507058531005 13.392716396987009 0.005232681670114766 6.085067262528844 0.7615742848316354 3.2640936304401613 13.875227246058222
0.00700907224331775 3.3508942822049264 18.19507058531005 13.392716396987009 0.005232681670114766 6.085067262528844 0.7615742748316353 3.2640936404401613 13.875227246058222
0.007009072212900473 3.3508942822049264 18.19507058531005 13.392716396987009 0.005232681670114766 6.085067262528844 0.7615742748316353 3.2640936304401613 13.875227256058222
0.0068430207683790835 3.3593949337805755 18.21140054239074 13.38938868791116 0.006118311850700634 6.098189380172688 0.7518424838707651 3.2305673718566488 13.83184840698919
0.0068430212811354885 3.3593949437805755 18.21140054239074 13.38938868791116 0.006118311850700634 6.098189380172688 0.7518424838707651 3.2305673718566488 13.83184840698919
0.006843020760441418 3.3593949337805755 18.211400552390742 13.38938868791116 0.006118311850700634 6.098189380172688 0.7518424838707651 3.2305673718566488 13.83184840698919
0.006843020771908277 3.3593949337805755 18.21140054239074 13.38938869791116 0.006118311850700634 6.098189380172688 0.7518424838707651 3.2305673718566488 13.83184840698919
0.006843020768459079 3.3593949337805755 18.21140054239074 13.38938868791116 0.0061183218507006336 6.098189380172688 0.7518424838707651 3.2305673718566488 13.83184840698919
0.00684302076165954 3.3593949337805755 18.21140054239074 13.38938868791116 0.006118311850700634 6.098189390172688 0.7518424838707651 3.2305673718566488 13.83184840698919
0.00684302081626376 3.3593949337805755 18.21140054239074 13.38938868791116 0.006118311850700634 6.098189380172688 0.7518424938707652 3.2305673718566488 13.83184840698919
0.0068430208634473275 3.3593949337805755 18.21140054239074 13.38938868791116 0.006118311850700634 6.098189380172688 0.7518424838707651 3.2305673818566487 13.83184840698919
0.006843020807213615 3.3593949337805755 18.21140054239074 13.38938868791116 0.006118311850700634 6.098189380172688 0.7518424838707651 3.2305673718566488 13.83184841698919
0.00653535565762283 3.373985083809537 18.245978465388614 13.382404574273897 0.00810732970822222 6.126150682014722 0.7360059370850277 3.15889061493697 13.739603650253313
0.006535356297237421 3.373985093809537 18.245978465388614 13.382404574273897 0.00810732970822222 6.126150682014722 0.7360059370850277 3.15889061493697 13.739603650253313
0.006535355653355483 3.373985083809537 18.245978475388615 13.382404574273897 0.00810732970822222 6.126150682014722 0.7360059370850277 3.15889061493697 13.739603650253313
0.006535355660280087 3.373985083809537 18.245978465388614 13.382404584273898 0.00810732970822222 6.126150682014722 0.7360059370850277 3.15889061493697 13.739603650253313
0.006535355657180445 3.373985083809537 18.245978465388614 13.382404574273897 0.00810733970822222 6.126150682014722 0.7360059370850277 3.15889061493697 13.739603650253313
0.006535355652443437 3.373985083809537 18.245978465388614 13.382404574273897 0.00810732970822222 6.126150692014722 0.7360059370850277 3.15889061493697 13.739603650253313
0.006535355676438438 3.373985083809537 18.245978465388614 13.382404574273897 0.00810732970822222 6.126150682014722 0.7360059470850278 3.15889061493697 13.739603650253313
0.006535355759637781 3.373985083809537 18.245978465388614 13.382404574273897 0.00810732970822222 6.126150682014722 0.7360059370850277 3.15889062493697 13.739603650253313
0.0065353556933751685 3.373985083809537 18.245978465388614 13.382404574273897 0.00810732970822222 6.126150682014722 0.7360059370850277 3.15889061493697 13.739603660253314
0.006253409534439915 3.3867177607689793 18.285892993010687 13.374456444435488 0.010582391813236945 6.1587129204908395 0.7252901026053256 3.0766230933519982 13.63245836016144
0.006253410017368397 3.3867177707689793 18.285892993010687 13.374456444435488 0.010582391813236945 6.1587129204908395 0.7252901026053256 3.0766230933519982 13.63245836016144
0.006253409533194248 3.3867177607689793 18.28589300301069 13.374456444435488 0.010582391813236945 6.1587129204908395 0.7252901026053256 3.0766230933519982 13.63245836016144
0.006253409536046834 3.3867177607689793 18.285892993010687 13.374456454435489 0.010582391813236945 6.1587129204908395 0.7252901026053256 3.0766230933519982 13.63245836016144
0.00625340953442597 3.3867177607689793 18.285892993010687 13.374456444435488 0.010582401813236945 6.1587129204908395 0.7252901026053256 3.0766230933519982 13.63245836016144
0.00625340953289217 3.3867177607689793 18.285892993010687 13.374456444435488 0.010582391813236945 6.1587129304908395 0.7252901026053256 3.0766230933519982 13.63245836016144
0.006253409555575784 3.3867177607689793 18.285892993010687 13.374456444435488 0.010582391813236945 6.1587129204908395 0.7252901126053256 3.0766230933519982 13.63245836016144
0.006253409586300327 3.3867177607689793 18.285892993010687 13.374456444435488 0.010582391813236945 6.1587129204908395 0.7252901026053256 3.076623103351998 13.63245836016144
0.006253409555810592 3.3867177607689793 18.285892993010687 13.374456444435488 0.010582391813236945 6.1587129204908395 0.7252901026053256 3.0766230933519982 13.63245837016144
0.006135592945913203 3.3837323981856677 18.288821476687197 13.373961957108172 0.010881040289606876 6.161207762940235 0.7295084244062121 3.0740207423603327 13.624113931029651
0.00613559323205556 3.3837324081856677 18.288821476687197 13.373961957108172 0.010881040289606876 6.161207762940235 0.7295084244062121 3.0740207423603327 13.624113931029651
0.006135592943473655 3.3837323981856677 18.288821486687198 13.373961957108172 0.010881040289606876 6.161207762940235 0.7295084244062121 3.0740207423603327 13.624113931029651
0.006135592948005792 3.3837323981856677 18.288821476687197 13.373961967108173 0.010881040289606876 6.161207762940235 0.7295084244062121 3.0740207423603327 13.624113931029651
0.006135592947307272 3.3837323981856677 18.288821476687197 13.373961957108172 0.010881050289606876 6.161207762940235 0.7295084244062121 3.0740207423603327 13.624113931029651
0.00613559294602986 3.3837323981856677 18.288821476687197 13.373961957108172 0.010881040289606876 6.161207772940235 0.7295084244062121 3.0740207423603327 13.624113931029651
0.006135593025099837 3.3837323981856677 18.288821476687197 13.373961957108172 0.010881040289606876 6.161207762940235 0.7295084344062122 3.0740207423603327 13.624113931029651
0.006135592958350207 3.3837323981856677 18.288821476687197 13.373961957108172 0.010881040289606876 6.161207762940235 0.7295084244062121 3.0740207523603327 13.624113931029651
0.006135592959787116 3.3837323981856677 18.288821476687197 13.373961957108172 0.010881040289606876 6.161207762940235 0.7295084244062121 3.0740207423603327 13.624113941029652
0.006096950034826692 3.3776745638847507 18.284777727989113 13.374802566448965 0.010648550283898656 6.157848229223809 0.7312196454285728 3.0876139793551585 13.634658466637323
0.006096949845831772 3.3776745738847507 18.284777727989113 13.374802566448965 0.010648550283898656 6.157848229223809 0.7312196454285728 3.0876139793551585 13.634658466637323
0.006096950025999742 3.3776745638847507 18.284777737989113 13.374802566448965 0.010648550283898656 6.157848229223809 0.7312196454285728 3.0876139793551585 13.634658466637323
0.006096950034320817 3.3776745638847507 18.284777727989113 13.374802576448966 0.010648550283898656 6.157848229223809 0.7312196454285728 3.0876139793551585 13.634658466637323
0.006096950032090069 3.3776745638847507 18.284777727989113 13.374802566448965 0.010648560283898656 6.157848229223809 0.7312196454285728 3.0876139793551585 13.634658466637323
0.006096950024542482 3.3776745638847507 18.284777727989113 13.374802566448965 0.010648550283898656 6.157848239223809 0.7312196454285728 3.0876139793551585 13.634658466637323
0.006096949927801712 3.3776745638847507 18.284777727989113 13.374802566448965 0.010648550283898656 6.157848229223809 0.7312196554285728 3.0876139793551585 13.634658466637323
0.00609694997944718 3.3776745638847507 18.284777727989113 13.374802566448965 0.010648550283898656 6.157848229223809 0.7312196454285728 3.0876139893551584 13.634658466637323
0.006096950056537119 3.3776745638847507 18.284777727989113 13.374802566448965 0.010648550283898656 6.157848229223809 0.7312196454285728 3.0876139793551585 13.634658476637323
0.006083621678917981 3.377027162732458 18.28197676678748 13.375390582598909 0.010523124291433535 6.155642199884634 0.7341289398727346 3.0931023796874046 13.642081076557574
0.006083621642505823 3.377027172732458 18.28197676678748 13.375390582598909 0.010523124291433535 6.155642199884634 0.7341289398727346 3.0931023796874046 13.642081076557574
0.006083621671998187 3.377027162732458 18.28197677678748 13.375390582598909 0.010523124291433535 6.155642199884634 0.7341289398727346 3.0931023796874046 13.642081076557574
0.006083621680019741 3.377027162732458 18.28197676678748 13.37539059259891 0.010523124291433535 6.155642199884634 0.7341289398727346 3.0931023796874046 13.642081076557574
0.00608362167868989 3.377027162732458 18.28197676678748 13.375390582598909 0.010523134291433535 6.155642199884634 0.7341289398727346 3.0931023796874046 13.642081076557574
0.006083621673578605 3.377027162732458 18.28197676678748 13.375390582598909 0.010523124291433535 6.1556422098846335 0.7341289398727346 3.0931023796874046 13.642081076557574
0.006083621685215554 3.377027162732458 18.28197676678748 13.375390582598909 0.010523124291433535 6.155642199884634 0.7341289498727347 3.0931023796874046 13.642081076557574
0.006083621645719196 3.377027162732458 18.28197676678748 13.375390582598909 0.010523124291433535 6.155642199884634 0.7341289398727346 3.0931023896874046 13.642081076557574
0.006083621695850507 3.377027162732458 18.28197676678748 13.375390582598909 0.010523124291433535 6.155642199884634 0.7341289398727346 3.0931023796874046 13.642081086557575
0.006081570258362639 3.3776824452792815 18.283476924922848 13.375089178283188 0.01060723428547146 6.156851859157318 0.7333771363904598 3.0904121768934756 13.638082322180827
0.0060815702286899104 3.3776824552792815 18.283476924922848 13.375089178283188 0.01060723428547146 6.156851859157318 0.7333771363904598 3.0904121768934756 13.638082322180827
0.006081570251640519 3.3776824452792815 18.28347693492285 13.375089178283188 0.01060723428547146 6.156851859157318 0.7333771363904598 3.0904121768934756 13.638082322180827
0.006081570259378218 3.3776824452792815 18.283476924922848 13.375089188283189 0.01060723428547146 6.156851859157318 0.7333771363904598 3.0904121768934756 13.638082322180827
0.006081570258046459 3.3776824452792815 18.283476924922848 13.375089178283188 0.01060724428547146 6.156851859157318 0.7333771363904598 3.0904121768934756 13.638082322180827
0.006081570253067448 3.3776824452792815 18.283476924922848 13.375089178283188 0.01060723428547146 6.156851869157318 0.7333771363904598 3.0904121768934756 13.638082322180827
0.006081570260371088 3.3776824452792815 18.283476924922848 13.375089178283188 0.01060723428547146 6.156851859157318 0.7333771463904598 3.0904121768934756 13.638082322180827
0.006081570225455045 3.3776824452792815 18.283476924922848 13.375089178283188 0.01060723428547146 6.156851859157318 0.7333771363904598 3.0904121868934755 13.638082322180827
0.0060815702752441275 3.3776824452792815 18.283476924922848 13.375089178283188 0.01060723428547146 6.156851859157318 0.7333771363904598 3.0904121768934756 13.638082332180828
0.00605778560713952 3.378602152368712 18.291839448470192 13.373485568404048 0.011114581459934058 6.163598441375416 0.7312174579740292 3.083877825797488 13.615554623865984
0.006057785525392874 3.378602162368712 18.291839448470192 13.373485568404048 0.011114581459934058 6.163598441375416 0.7312174579740292 3.083877825797488 13.615554623865984
0.006057785600609979 3.378602152368712 18.291839458470193 13.373485568404048 0.011114581459934058 6.163598441375416 0.7312174579740292 3.083877825797488 13.615554623865984
0.00605778560767348 3.378602152368712 18.291839448470192 13.373485578404049 0.011114581459934058 6.163598441375416 0.7312174579740292 3.083877825797488 13.615554623865984
0.006057785606523028 3.378602152368712 18.291839448470192 13.373485568404048 0.011114591459934058 6.163598441375416 0.7312174579740292 3.083877825797488 13.615554623865984
0.006057785601732316 3.378602152368712 18.291839448470192 13.373485568404048 0.011114581459934058 6.163598451375416 0.7312174579740292 3.083877825797488 13.615554623865984
0.0060577855916368675 3.378602152368712 18.291839448470192 13.373485568404048 0.011114581459934058 6.163598441375416 0.7312174679740292 3.083877825797488 13.615554623865984
0.006057785562456142 3.378602152368712 18.291839448470192 13.373485568404048 0.011114581459934058 6.163598441375416 0.7312174579740292 3.083877835797488 13.615554623865984
0.006057785622337988 3.378602152368712 18.291839448470192 13.373485568404048 0.011114581459934058 6.163598441375416 0.7312174579740292 3.083877825797488 13.615554633865985
0.005974504863778434 3.379565059443375 18.314082048574647 13.369309183832952 0.0124337554643437 6.181448003567186 0.7252394473928897 3.0817518499730867 13.555608308092859
0.0059745047377751 3.379565069443375 18.314082048574647 13.369309183832952 0.0124337554643437 6.181448003567186 0.7252394473928897 3.0817518499730867 13.555608308092859
0.005974504858445933 3.379565059443375 18.314082058574648 13.369309183832952 0.0124337554643437 6.181448003567186 0.7252394473928897 3.0817518499730867 13.555608308092859
0.005974504863190459 3.379565059443375 18.314082048574647 13.369309193832953 0.0124337554643437 6.181448003567186 0.7252394473928897 3.0817518499730867 13.555608308092859
0.005974504862441694 3.379565059443375 18.314082048574647 13.369309183832952 0.0124337654643437 6.181448003567186 0.7252394473928897 3.0817518499730867 13.555608308092859
0.005974504858655221 3.379565059443375 18.314082048574647 13.369309183832952 0.0124337554643437 6.181448013567186 0.7252394473928897 3.0817518499730867 13.555608308092859
0.00597450480641469 3.379565059443375 18.314082048574647 13.369309183832952 0.0124337554643437 6.181448003567186 0.7252394573928898 3.0817518499730867 13.555608308092859
0.00597450480777402 3.379565059443375 18.314082048574647 13.369309183832952 0.0124337554643437 6.181448003567186 0.7252394473928897 3.0817518599730866 13.555608308092859
0.005974504876116949 3.379565059443375 18.314082048574647 13.369309183832952 0.0124337554643437 6.181448003567186 0.7252394473928897 3.0817518499730867 13.55560831809286
0.005797184877850152 3.375794942096878 18.356400119473534 13.361625581518956 0.01494190646019631 6.215234197748639 0.7165632334234265 3.1096633847880013 13.44119036846547
0.0057971846967838974 3.3757949520968777 18.356400119473534 13.361625581518956 0.01494190646019631 6.215234197748639 0.7165632334234265 3.1096633847880013 13.44119036846547
0.00579718487494796 3.375794942096878 18.356400129473535 13.361625581518956 0.01494190646019631 6.215234197748639 0.7165632334234265 3.1096633847880013 13.44119036846547
0.005797184875515006 3.375794942096878 18.356400119473534 13.361625591518957 0.01494190646019631 6.215234197748639 0.7165632334234265 3.1096633847880013 13.44119036846547
0.00579718487579225 3.375794942096878 18.356400119473534 13.361625581518956 0.01494191646019631 6.215234197748639 0.7165632334234265 3.1096633847880013 13.44119036846547
0.005797184874535566 3.375794942096878 18.356400119473534 13.361625581518956 0.01494190646019631 6.215234207748639 0.7165632334234265 3.1096633847880013 13.44119036846547
0.005797184768809284 3.375794942096878 18.356400119473534 13.361625581518956 0.01494190646019631 6.215234197748639 0.7165632434234266 3.1096633847880013 13.44119036846547
0.005797184813239955 3.375794942096878 18.356400119473534 13.361625581518956 0.01494190646019631 6.215234197748639 0.7165632334234265 3.1096633947880012 13.44119036846547
0.0057971848839749535 3.375794942096878 18.356400119473534 13.361625581518956 0.01494190646019631 6.215234197748639 0.7165632334234265 3.1096633847880013 13.441190378465471
0.005587554607637504 3.36490142287399 18.396772863578285 13.354769405531442 0.017253320958416113 6.246885288261617 0.7113714167342549 3.1813624243777032 13.331642418661005
0.005587554381313218 3.36490143287399 18.396772863578285 13.354769405531442 0.017253320958416113 6.246885288261617 0.7113714167342549 3.1813624243777032 13.331642418661005
0.0055875546063870775 3.36490142287399 18.396772873578286 13.354769405531442 0.017253320958416113 6.246885288261617 0.7113714167342549 3.1813624243777032 13.331642418661005
0.00558755460391331 3.36490142287399 18.396772863578285 13.354769415531443 0.017253320958416113 6.246885288261617 0.7113714167342549 3.1813624243777032 13.331642418661005
0.005587554605126002 3.36490142287399 18.396772863578285 13.354769405531442 0.017253330958416115 6.246885288261617 0.7113714167342549 3.1813624243777032 13.331642418661005
0.005587554605928021 3.36490142287399 18.396772863578285 13.354769405531442 0.017253320958416113 6.246885298261617 0.7113714167342549 3.1813624243777032 13.331642418661005
0.005587554461030588 3.36490142287399 18.396772863578285 13.354769405531442 0.017253320958416113 6.246885288261617 0.7113714267342549 3.1813624243777032 13.331642418661005
0.005587554549825304 3.36490142287399 18.396772863578285 13.354769405531442 0.017253320958416113 6.246885288261617 0.7113714167342549 3.181362434377703 13.331642418661005
0.005587554609292466 3.36490142287399 18.396772863578285 13.354769405531442 0.017253320958416113 6.246885288261617 0.7113714167342549 3.1813624243777032 13.331642428661006
0.005434836089709759 3.3534482044637195 18.41149902225649 13.353271985620285 0.017796885656711888 6.256599196328614 0.7135729497500272 3.258885721636723 13.291324530352359
0.005434835924820398 3.3534482144637194 18.41149902225649 13.353271985620285 0.017796885656711888 6.256599196328614 0.7135729497500272 3.258885721636723 13.291324530352359
0.005434836088835326 3.3534482044637195 18.41149903225649 13.353271985620285 0.017796885656711888 6.256599196328614 0.7135729497500272 3.258885721636723 13.291324530352359
0.005434836086459581 3.3534482044637195 18.41149902225649 13.353271995620286 0.017796885656711888 6.256599196328614 0.7135729497500272 3.258885721636723 13.291324530352359
0.005434836088346017 3.3534482044637195 18.41149902225649 13.353271985620285 0.01779689565671189 6.256599196328614 0.7135729497500272 3.258885721636723 13.291324530352359
0.0054348360898575695 3.3534482044637195 18.41149902225649 13.353271985620285 0.017796885656711888 6.256599206328614 0.7135729497500272 3.258885721636723 13.291324530352359
0.005434835993025938 3.3534482044637195 18.41149902225649 13.353271985620285 0.017796885656711888 6.256599196328614 0.7135729597500272 3.258885721636723 13.291324530352359
0.0054348360586807 3.3534482044637195 18.41149902225649 13.353271985620285 0.017796885656711888 6.256599196328614 0.7135729497500272 3.258885731636723 13.291324530352359
0.005434836090825793 3.3534482044637195 18.41149902225649 13.353271985620285 0.017796885656711888 6.256599196328614 0.7135729497500272 3.258885721636723 13.29132454035236
0.005398998676827367 3.3496604449972414 18.409019704365175 13.354726743676508 0.017310210476940802 6.252771520401527 0.7165574794331578 3.291636949779229 13.29770986891737
0.005398998719288691 3.3496604549972413 18.409019704365175 13.354726743676508 0.017310210476940802 6.252771520401527 0.7165574794331578 3.291636949779229 13.29770986891737
0.0053989986772813225 3.3496604449972414 18.409019714365176 13.354726743676508 0.017310210476940802 6.252771520401527 0.7165574794331578 3.291636949779229 13.29770986891737
0.005398998674985506 3.3496604449972414 18.409019704365175 13.354726753676509 0.017310210476940802 6.252771520401527 0.7165574794331578 3.291636949779229 13.29770986891737
0.005398998677409196 3.3496604449972414 18.409019704365175 13.354726743676508 0.017310220476940804 6.252771520401527 0.7165574794331578 3.291636949779229 13.29770986891737
0.005398998680219574 3.3496604449972414 18.409019704365175 13.354726743676508 0.017310210476940802 6.252771530401527 0.7165574794331578 3.291636949779229 13.29770986891737
0.005398998672771159 3.3496604449972414 18.409019704365175 13.354726743676508 0.017310210476940802 6.252771520401527 0.7165574894331579 3.291636949779229 13.29770986891737
0.005398998680764998 3.3496604449972414 18.409019704365175 13.354726743676508 0.017310210476940802 6.252771520401527 0.7165574794331578 3.291636959779229 13.29770986891737
0.005398998677962749 3.3496604449972414 18.409019704365175 13.354726743676508 0.017310210476940802 6.252771520401527 0.7165574794331578 3.291636949779229 13.29770987891737
0.005397082434963483 3.3470250322911976 18.409236418054324 13.354975640510451 0.01725471633551953 6.252475248689439 0.7180297987346943 3.3049159509626014 13.29692385824685
0.005397082396430151 3.3470250422911976 18.409236418054324 13.354975640510451 0.01725471633551953 6.252475248689439 0.7180297987346943 3.3049159509626014 13.29692385824685
0.005397082434285635 3.3470250322911976 18.409236428054324 13.354975640510451 0.01725471633551953 6.252475248689439 0.7180297987346943 3.3049159509626014 13.29692385824685
0.005397082433003195 3.3470250322911976 18.409236418054324 13.354975650510452 0.01725471633551953 6.252475248689439 0.7180297987346943 3.3049159509626014 13.29692385824685
0.005397082435326894 3.3470250322911976 18.409236418054324 13.354975640510451 0.01725472633551953 6.252475248689439 0.7180297987346943 3.3049159509626014 13.29692385824685
0.005397082437153438 3.3470250322911976 18.409236418054324 13.354975640510451 0.01725471633551953 6.252475258689439 0.7180297987346943 3.3049159509626014 13.29692385824685
0.00539708242150791 3.3470250322911976 18.409236418054324 13.354975640510451 0.01725471633551953 6.252475248689439 0.7180298087346944 3.3049159509626014 13.29692385824685
0.005397082431289248 3.3470250322911976 18.409236418054324 13.354975640510451 0.01725471633551953 6.252475248689439 0.7180297987346943 3.3049159609626013 13.29692385824685
0.0053970824367822025 3.3470250322911976 18.409236418054324 13.354975640510451 0.01725471633551953 6.252475248689439 0.7180297987346943 3.3049159509626014 13.29692386824685
0.0053964666294304955 3.34769728094916 18.409426354191048 13.354923134522023 0.01726506787048394 6.252648563012336 0.7177491678668226 3.301980803999564 13.29644297666717
0.005396466629725059 3.34769729094916 18.409426354191048 13.354923134522023 0.01726506787048394 6.252648563012336 0.7177491678668226 3.301980803999564 13.29644297666717
0.00539646662926256 3.34769728094916 18.40942636419105 13.354923134522023 0.01726506787048394 6.252648563012336 0.7177491678668226 3.301980803999564 13.29644297666717
0.005396466627623399 3.34769728094916 18.409426354191048 13.354923144522024 0.01726506787048394 6.252648563012336 0.7177491678668226 3.301980803999564 13.29644297666717
0.005396466630063228 3.34769728094916 18.409426354191048 13.354923134522023 0.017265077870483942 6.252648563012336 0.7177491678668226 3.301980803999564 13.29644297666717
0.005396466632389157 3.34769728094916 18.409426354191048 13.354923134522023 0.01726506787048394 6.252648573012336 0.7177491678668226 3.301980803999564 13.29644297666717
0.005396466628081047 3.34769728094916 18.409426354191048 13.354923134522023 0.01726506787048394 6.252648563012336 0.7177491778668227 3.301980803999564 13.29644297666717
0.005396466629774302 3.34769728094916 18.409426354191048 13.354923134522023 0.01726506787048394 6.252648563012336 0.7177491678668226 3.301980813999564 13.29644297666717
0.00539646663064166 3.34769728094916 18.409426354191048 13.354923134522023 0.01726506787048394 6.252648563012336 0.7177491678668226 3.301980803999564 13.29644298666717
0.005396444868571011 3.3476766458224723 18.409694894312906 13.354893739802366 0.017274758635901513 6.252829659695974 0.7177411049651972 3.3021329007642266 13.2957089405582
0.005396444870612204 3.347676655822472 18.409694894312906 13.354893739802366 0.017274758635901513 6.252829659695974 0.7177411049651972 3.3021329007642266 13.2957089405582
0.00539644486845323 3.3476766458224723 18.409694904312907 13.354893739802366 0.017274758635901513 6.252829659695974 0.7177411049651972 3.3021329007642266 13.2957089405582
0.005396444866786173 3.3476766458224723 18.409694894312906 13.354893749802367 0.017274758635901513 6.252829659695974 0.7177411049651972 3.3021329007642266 13.2957089405582
0.0053964448692469975 3.3476766458224723 18.409694894312906 13.354893739802366 0.017274768635901515 6.252829659695974 0.7177411049651972 3.3021329007642266 13.2957089405582
0.005396444871634539 3.3476766458224723 18.409694894312906 13.354893739802366 0.017274758635901513 6.2528296696959735 0.7177411049651972 3.3021329007642266 13.2957089405582
0.005396444868819909 3.3476766458224723 18.409694894312906 13.354893739802366 0.017274758635901513 6.252829659695974 0.7177411149651972 3.3021329007642266 13.2957089405582
0.005396444869047306 3.3476766458224723 18.409694894312906 13.354893739802366 0.017274758635901513 6.252829659695974 0.7177411049651972 3.3021329107642265 13.2957089405582
0.005396444869611387 3.3476766458224723 18.409694894312906 13.354893739802366 0.017274758635901513 6.252829659695974 0.7177411049651972 3.3021329007642266 13.2957089505582
0.005396376480299484 3.3476794427359957 18.409990438766965 13.354932240057266 0.01725814228867547 6.252901979225851 0.7177321661400531 3.302119111415149 13.29487832583384
0.005396376484482473 3.3476794527359957 18.409990438766965 13.354932240057266 0.01725814228867547 6.252901979225851 0.7177321661400531 3.302119111415149 13.29487832583384
0.005396376480233941 3.3476794427359957 18.409990448766965 13.354932240057266 0.01725814228867547 6.252901979225851 0.7177321661400531 3.302119111415149 13.29487832583384
0.00539637647852425 3.3476794427359957 18.409990438766965 13.354932250057267 0.01725814228867547 6.252901979225851 0.7177321661400531 3.302119111415149 13.29487832583384
0.005396376481012108 3.3476794427359957 18.409990438766965 13.354932240057266 0.01725815228867547 6.252901979225851 0.7177321661400531 3.302119111415149 13.29487832583384
0.005396376483461112 3.3476794427359957 18.409990438766965 13.354932240057266 0.01725814228867547 6.252901989225851 0.7177321661400531 3.302119111415149 13.29487832583384
0.0053963764826065385 3.3476794427359957 18.409990438766965 13.354932240057266 0.01725814228867547 6.252901979225851 0.7177321761400531 3.302119111415149 13.29487832583384
0.005396376480882384 3.3476794427359957 18.409990438766965 13.354932240057266 0.01725814228867547 6.252901979225851 0.7177321661400531 3.302119121415149 13.29487832583384
0.005396376481136337 3.3476794427359957 18.409990438766965 13.354932240057266 0.01725814228867547 6.252901979225851 0.7177321661400531 3.302119111415149 13.294878335833841
0.0053960566060045154 3.347654946458358 18.41112724498447 13.355304203669796 0.017109687609469938 6.2527819472601704 0.7176860634277332 3.302309269133552 13.291614247819584
0.005396056615701538 3.3476549564583578 18.41112724498447 13.355304203669796 0.017109687609469938 6.2527819472601704 0.7176860634277332 3.302309269133552 13.291614247819584
0.005396056606117893 3.347654946458358 18.41112725498447 13.355304203669796 0.017109687609469938 6.2527819472601704 0.7176860634277332 3.302309269133552 13.291614247819584
0.005396056604284823 3.347654946458358 18.41112724498447 13.355304213669797 0.017109687609469938 6.2527819472601704 0.7176860634277332 3.302309269133552 13.291614247819584
0.005396056606861863 3.347654946458358 18.41112724498447 13.355304203669796 0.01710969760946994 6.2527819472601704 0.7176860634277332 3.302309269133552 13.291614247819584
0.005396056609524485 3.347654946458358 18.41112724498447 13.355304203669796 0.017109687609469938 6.25278195726017 0.7176860634277332 3.302309269133552 13.291614247819584
0.005396056614338168 3.347654946458358 18.41112724498447 13.355304203669796 0.017109687609469938 6.2527819472601704 0.7176860734277333 3.302309269133552 13.291614247819584
0.0053960566067737074 3.347654946458358 18.41112724498447 13.355304203669796 0.017109687609469938 6.2527819472601704 0.7176860634277332 3.302309279133552 13.291614247819584
0.005396056606219356 3.347654946458358 18.41112724498447 13.355304203669796 0.017109687609469938 6.2527819472601704 0.7176860634277332 3.302309269133552 13.291614257819585
0.005395435205775122 3.3475913621886417 18.412782666082748 13.356337784569934 0.01670492379688608 6.251725016658675 0.7176047001068212 3.302890855710792 13.286704984655174
0.005395435221863715 3.3475913721886417 18.412782666082748 13.356337784569934 0.01670492379688608 6.251725016658675 0.7176047001068212 3.302890855710792 13.286704984655174
0.005395435206107894 3.3475913621886417 18.41278267608275 13.356337784569934 0.01670492379688608 6.251725016658675 0.7176047001068212 3.302890855710792 13.286704984655174
0.005395435204115413 3.3475913621886417 18.412782666082748 13.356337794569935 0.01670492379688608 6.251725016658675 0.7176047001068212 3.302890855710792 13.286704984655174
0.0053954352067950625 3.3475913621886417 18.412782666082748 13.356337784569934 0.016704933796886083 6.251725016658675 0.7176047001068212 3.302890855710792 13.286704984655174
0.0053954352097336285 3.3475913621886417 18.412782666082748 13.356337784569934 0.01670492379688608 6.251725026658675 0.7176047001068212 3.302890855710792 13.286704984655174
0.005395435220943433 3.3475913621886417 18.412782666082748 13.356337784569934 0.01670492379688608 6.251725016658675 0.7176047101068213 3.302890855710792 13.286704984655174
0.005395435206826976 3.3475913621886417 18.412782666082748 13.356337784569934 0.01670492379688608 6.251725016658675 0.7176047001068212 3.302890865710792 13.286704984655174
0.005395435205252327 3.3475913621886417 18.412782666082748 13.356337784569934 0.01670492379688608 6.251725016658675 0.7176047001068212 3.302890855710792 13.286704994655175
0.005393738919017248 3.3475047415169312 18.416125417408836 13.359788205328275 0.015365867829163792 6.2471466893419345 0.7174186976786086 3.3040146172780984 13.27635772426975
0.005393738946360433 3.347504751516931 18.416125417408836 13.359788205328275 0.015365867829163792 6.2471466893419345 0.7174186976786086 3.3040146172780984 13.27635772426975
0.005393738919753742 3.3475047415169312 18.416125427408836 13.359788205328275 0.015365867829163792 6.2471466893419345 0.7174186976786086 3.3040146172780984 13.27635772426975
0.005393738917448406 3.3475047415169312 18.416125417408836 13.359788215328276 0.015365867829163792 6.2471466893419345 0.7174186976786086 3.3040146172780984 13.27635772426975
0.0053937389203099605 3.3475047415169312 18.416125417408836 13.359788205328275 0.015365877829163791 6.2471466893419345 0.7174186976786086 3.3040146172780984 13.27635772426975
0.005393738923715419 3.3475047415169312 18.416125417408836 13.359788205328275 0.015365867829163792 6.2471466993419345 0.7174186976786086 3.3040146172780984 13.27635772426975
0.005393738945558921 3.3475047415169312 18.416125417408836 13.359788205328275 0.015365867829163792 6.2471466893419345 0.7174187076786086 3.3040146172780984 13.27635772426975
0.005393738920522325 3.3475047415169312 18.416125417408836 13.359788205328275 0.015365867829163792 6.2471466893419345 0.7174186976786086 3.3040146272780984 13.27635772426975
0.0053937389171389485 3.3475047415169312 18.416125417408836 13.359788205328275 0.015365867829163792 6.2471466893419345 0.7174186976786086 3.3040146172780984 13.276357734269752
0.005389800914462848 3.3473408475019357 18.42108074131229 13.368258020305765 0.012103114222472774 6.234358312443158 0.7172920112123865 3.306178307281851 13.259939926041753
0.005389800956252746 3.3473408575019357 18.42108074131229 13.368258020305765 0.012103114222472774 6.234358312443158 0.7172920112123865 3.306178307281851 13.259939926041753
0.005389800915706426 3.3473408475019357 18.421080751312292 13.368258020305765 0.012103114222472774 6.234358312443158 0.7172920112123865 3.306178307281851 13.259939926041753
0.005389800913036585 3.3473408475019357 18.42108074131229 13.368258030305766 0.012103114222472774 6.234358312443158 0.7172920112123865 3.306178307281851 13.259939926041753
0.005389800916144175 3.3473408475019357 18.42108074131229 13.368258020305765 0.012103124222472774 6.234358312443158 0.7172920112123865 3.306178307281851 13.259939926041753
0.005389800920146936 3.3473408475019357 18.42108074131229 13.368258020305765 0.012103114222472774 6.234358322443158 0.7172920112123865 3.306178307281851 13.259939926041753
0.00538980095710689 3.3473408475019357 18.42108074131229 13.368258020305765 0.012103114222472774 6.234358312443158 0.7172920212123866 3.306178307281851 13.259939926041753
0.005389800916577395 3.3473408475019357 18.42108074131229 13.368258020305765 0.012103114222472774 6.234358312443158 0.7172920112123865 3.306178317281851 13.259939926041753
0.005389800910771301 3.3473408475019357 18.42108074131229 13.368258020305765 0.012103114222472774 6.234358312443158 0.7172920112123865 3.306178307281851 13.259939936041754
0.0053779605253019905 3.347137668382992 18.432369305274065 13.395214400471703 0.0017422132331913302 6.1915053681936625 0.7170169551960355 3.311090778812781 13.220098861987998
0.005377960593593056 3.347137678382992 18.432369305274065 13.395214400471703 0.0017422132331913302 6.1915053681936625 0.7170169551960355 3.311090778812781 13.220098861987998
0.0053779605275017925 3.347137668382992 18.432369315274066 13.395214400471703 0.0017422132331913302 6.1915053681936625 0.7170169551960355 3.311090778812781 13.220098861987998
0.005377960524102125 3.347137668382992 18.432369305274065 13.395214410471704 0.0017422132331913302 6.1915053681936625 0.7170169551960355 3.311090778812781 13.220098861987998
0.005377960527622356 3.347137668382992 18.432369305274065 13.395214400471703 0.0017422232331913302 6.1915053681936625 0.7170169551960355 3.311090778812781 13.220098861987998
0.0053779605327512565 3.347137668382992 18.432369305274065 13.395214400471703 0.0017422132331913302 6.191505378193662 0.7170169551960355 3.311090778812781 13.220098861987998
0.005377960595424779 3.347137668382992 18.432369305274065 13.395214400471703 0.0017422132331913302 6.1915053681936625 0.7170169651960355 3.311090778812781 13.220098861987998
0.00537796052867575 3.347137668382992 18.432369305274065 13.395214400471703 0.0017422132331913302 6.1915053681936625 0.7170169551960355 3.311090788812781 13.220098861987998
0.005377960518305912 3.347137668382992 18.432369305274065 13.395214400471703 0.0017422132331913302 6.1915053681936625 0.7170169551960355 3.311090778812781 13.220098871987998
0.005350121311325751 3.3470345371829024 18.453135605113864 13.46189899122996 -0.023839187106982615 6.082081278987048 0.7168065755860484 3.3201746780507393 13.141341767002894
0.005350121413605023 3.3470345471829024 18.453135605113864 13.46189899122996 -0.023839187106982615 6.082081278987048 0.7168065755860484 3.3201746780507393 13.141341767002894
0.005350121314887718 3.3470345371829024 18.453135615113865 13.46189899122996 -0.023839187106982615 6.082081278987048 0.7168065755860484 3.3201746780507393 13.141341767002894
0.005350121310479649 3.3470345371829024 18.453135605113864 13.46189900122996 -0.023839187106982615 6.082081278987048 0.7168065755860484 3.3201746780507393 13.141341767002894
0.005350121314533584 3.3470345371829024 18.453135605113864 13.46189899122996 -0.023839177106982613 6.082081278987048 0.7168065755860484 3.3201746780507393 13.141341767002894
0.005350121321190423 3.3470345371829024 18.453135605113864 13.46189899122996 -0.023839187106982615 6.082081288987048 0.7168065755860484 3.3201746780507393 13.141341767002894
0.005350121418907601 3.3470345371829024 18.453135605113864 13.46189899122996 -0.023839187106982615 6.082081278987048 0.7168065855860485 3.3201746780507393 13.141341767002894
0.00535012131623755 3.3470345371829024 18.453135605113864 13.46189899122996 -0.023839187106982615 6.082081278987048 0.7168065755860484 3.3201746880507392 13.141341767002894
0.005350121299584549 3.3470345371829024 18.453135605113864 13.46189899122996 -0.023839187106982615 6.082081278987048 0.7168065755860484 3.3201746780507393 13.141341777002895
0.005285669728509397 3.347749982218179 18.49154256785756 13.62128714652829 -0.08491269269260937 5.8151748432103965 0.7169404033335395 3.3350091236890655 12.984159961827196
0.005285669870858519 3.347749992218179 18.49154256785756 13.62128714652829 -0.08491269269260937 5.8151748432103965 0.7169404033335395 3.3350091236890655 12.984159961827196
0.005285669733909563 3.347749982218179 18.49154257785756 13.62128714652829 -0.08491269269260937 5.8151748432103965 0.7169404033335395 3.3350091236890655 12.984159961827196
0.005285669728165471 3.347749982218179 18.49154256785756 13.621287156528291 -0.08491269269260937 5.8151748432103965 0.7169404033335395 3.3350091236890655 12.984159961827196
0.0052856697327931185 3.347749982218179 18.49154256785756 13.62128714652829 -0.08491268269260938 5.8151748432103965 0.7169404033335395 3.3350091236890655 12.984159961827196
0.005285669741391263 3.347749982218179 18.49154256785756 13.62128714652829 -0.08491269269260937 5.815174853210396 0.7169404033335395 3.3350091236890655 12.984159961827196
0.005285669882836786 3.347749982218179 18.49154256785756 13.62128714652829 -0.08491269269260937 5.8151748432103965 0.7169404133335395 3.3350091236890655 12.984159961827196
0.005285669735218163 3.347749982218179 18.49154256785756 13.62128714652829 -0.08491269269260937 5.8151748432103965 0.7169404033335395 3.3350091336890655 12.984159961827196
0.005285669710300505 3.347749982218179 18.49154256785756 13.62128714652829 -0.08491269269260937 5.8151748432103965 0.7169404033335395 3.3350091236890655 12.984159971827197
0.005155545396112982 3.350996965585227 18.552266956068912 13.948372578955942 -0.21011648645247205 5.2588302736564305 0.71859955334622 3.351894337181112 12.711638232690442
0.005155545562148472 3.350996975585227 18.552266956068912 13.948372578955942 -0.21011648645247205 5.2588302736564305 0.71859955334622 3.351894337181112 12.711638232690442
0.005155545403239148 3.350996965585227 18.552266966068913 13.948372578955942 -0.21011648645247205 5.2588302736564305 0.71859955334622 3.351894337181112 12.711638232690442
0.005155545396536475 3.350996965585227 18.552266956068912 13.948372588955943 -0.21011648645247205 5.2588302736564305 0.71859955334622 3.351894337181112 12.711638232690442
0.005155545401338594 3.350996965585227 18.552266956068912 13.948372578955942 -0.21011647645247206 5.2588302736564305 0.71859955334622 3.351894337181112 12.711638232690442
0.005155545411455172 3.350996965585227 18.552266956068912 13.948372578955942 -0.21011648645247205 5.2588302836564305 0.71859955334622 3.351894337181112 12.711638232690442
0.005155545595091723 3.350996965585227 18.552266956068912 13.948372578955942 -0.21011648645247205 5.2588302736564305 0.7185995633462201 3.351894337181112 12.711638232690442
0.0051555454030895185 3.350996965585227 18.552266956068912 13.948372578955942 -0.21011648645247205 5.2588302736564305 0.71859955334622 3.351894347181112 12.711638232690442
0.005155545371396184 3.350996965585227 18.552266956068912 13.948372578955942 -0.21011648645247205 5.2588302736564305 0.71859955334622 3.351894337181112 12.711638242690443
0.0066574166228660974 3.3778103283590593 18.606211650007367 14.63059565677234 -0.47071336052750207 4.063910095035716 0.7285155419451053 3.345915041244502 12.344690865067097
0.006657418864682691 3.377810338359059 18.606211650007367 14.63059565677234 -0.47071336052750207 4.063910095035716 0.7285155419451053 3.345915041244502 12.344690865067097
0.006657416649805182 3.3778103283590593 18.606211660007368 14.63059565677234 -0.47071336052750207 4.063910095035716 0.7285155419451053 3.345915041244502 12.344690865067097
0.006657416635390211 3.3778103283590593 18.606211650007367 14.63059566677234 -0.47071336052750207 4.063910095035716 0.7285155419451053 3.345915041244502 12.344690865067097
0.006657416641605635 3.3778103283590593 18.606211650007367 14.63059565677234 -0.4707133505275021 4.063910095035716 0.7285155419451053 3.345915041244502 12.344690865067097
0.00665741666706038 3.3778103283590593 18.606211650007367 14.63059565677234 -0.47071336052750207 4.063910105035716 0.7285155419451053 3.345915041244502 12.344690865067097
0.006657417505883949 3.3778103283590593 18.606211650007367 14.63059565677234 -0.47071336052750207 4.063910095035716 0.7285155519451053 3.345915041244502 12.344690865067097
0.006657416912438643 3.3778103283590593 18.606211650007367 14.63059565677234 -0.47071336052750207 4.063910095035716 0.7285155419451053 3.3459150512445017 12.344690865067097
0.006657416594603138 3.3778103283590593 18.606211650007367 14.63059565677234 -0.47071336052750207 4.063910095035716 0.7285155419451053 3.345915041244502 12.344690875067098
0.0051400632863142694 3.3531795042729877 18.556657915252703 14.003903780826324 -0.23132840098835897 5.161566847930105 0.7194066892853788 3.351407637888028 12.681769661822804
0.005140063664842915 3.3531795142729877 18.556657915252703 14.003903780826324 -0.23132840098835897 5.161566847930105 0.7194066892853788 3.351407637888028 12.681769661822804
0.005140063295546106 3.3531795042729877 18.556657925252704 14.003903780826324 -0.23132840098835897 5.161566847930105 0.7194066892853788 3.351407637888028 12.681769661822804
0.00514006328790793 3.3531795042729877 18.556657915252703 14.003903790826325 -0.23132840098835897 5.161566847930105 0.7194066892853788 3.351407637888028 12.681769661822804
0.005140063293021836 3.3531795042729877 18.556657915252703 14.003903780826324 -0.23132839098835897 5.161566847930105 0.7194066892853788 3.351407637888028 12.681769661822804
0.005140063304911725 3.3531795042729877 18.556657915252703 14.003903780826324 -0.23132840098835897 5.161566857930105 0.7194066892853788 3.351407637888028 12.681769661822804
0.005140063558222918 3.3531795042729877 18.556657915252703 14.003903780826324 -0.23132840098835897 5.161566847930105 0.7194066992853788 3.351407637888028 12.681769661822804
0.005140063320004914 3.3531795042729877 18.556657915252703 14.003903780826324 -0.23132840098835897 5.161566847930105 0.7194066892853788 3.351407647888028 12.681769661822804
0.005140063260440114 3.3531795042729877 18.556657915252703 14.003903780826324 -0.23132840098835897 5.161566847930105 0.7194066892853788 3.351407637888028 12.681769671822805
0.004950943478250197 3.359726214148038 18.625675563935026 14.496435090603718 -0.4197187164064499 4.313102090670318 0.7232650044315968 3.361283824475981 12.333398254743198
0.004950943698040449 3.359726224148038 18.625675563935026 14.496435090603718 -0.4197187164064499 4.313102090670318 0.7232650044315968 3.361283824475981 12.333398254743198
0.004950943485617064 3.359726214148038 18.625675573935027 14.496435090603718 -0.4197187164064499 4.313102090670318 0.7232650044315968 3.361283824475981 12.333398254743198
0.004950943479869696 3.359726214148038 18.625675563935026 14.496435100603719 -0.4197187164064499 4.313102090670318 0.7232650044315968 3.361283824475981 12.333398254743198
0.004950943483086697 3.359726214148038 18.625675563935026 14.496435090603718 -0.4197187064064499 4.313102090670318 0.7232650044315968 3.361283824475981 12.333398254743198
0.004950943492211545 3.359726214148038 18.625675563935026 14.496435090603718 -0.4197187164064499 4.313102100670318 0.7232650044315968 3.361283824475981 12.333398254743198
0.004950943679891222 3.359726214148038 18.625675563935026 14.496435090603718 -0.4197187164064499 4.313102090670318 0.7232650144315969 3.361283824475981 12.333398254743198
0.004950943491936624 3.359726214148038 18.625675563935026 14.496435090603718 -0.4197187164064499 4.313102090670318 0.7232650044315968 3.361283834475981 12.333398254743198
0.004950943454771531 3.359726214148038 18.625675563935026 14.496435090603718 -0.4197187164064499 4.313102090670318 0.7232650044315968 3.361283824475981 12.333398264743199
0.004850857871764673 3.3646439271450146 18.632200385817693 14.715860646241378 -0.5034815286771718 3.9235125426271553 0.7268109228028403 3.351079532338477 12.245174284521896
0.00485085791842487 3.3646439371450145 18.632200385817693 14.715860646241378 -0.5034815286771718 3.9235125426271553 0.7268109228028403 3.351079532338477 12.245174284521896
0.004850857873999415 3.3646439271450146 18.632200395817694 14.715860646241378 -0.5034815286771718 3.9235125426271553 0.7268109228028403 3.351079532338477 12.245174284521896
0.004850857872559911 3.3646439271450146 18.632200385817693 14.715860656241379 -0.5034815286771718 3.9235125426271553 0.7268109228028403 3.351079532338477 12.245174284521896
0.004850857872655761 3.3646439271450146 18.632200385817693 14.715860646241378 -0.5034815186771717 3.9235125426271553 0.7268109228028403 3.351079532338477 12.245174284521896
0.00485085787569531 3.3646439271450146 18.632200385817693 14.715860646241378 -0.5034815286771718 3.9235125526271553 0.7268109228028403 3.351079532338477 12.245174284521896
0.004850857914118539 3.3646439271450146 18.632200385817693 14.715860646241378 -0.5034815286771718 3.9235125426271553 0.7268109328028404 3.351079532338477 12.245174284521896
0.004850857864165169 3.3646439271450146 18.632200385817693 14.715860646241378 -0.5034815286771718 3.9235125426271553 0.7268109228028403 3.351079542338477 12.245174284521896
0.004850857863430217 3.3646439271450146 18.632200385817693 14.715860646241378 -0.5034815286771718 3.9235125426271553 0.7268109228028403 3.351079532338477 12.245174294521897
0.0048358472036853116 3.3640124346367615 18.60731680146297 14.624001835853834 -0.46825672141132774 4.07598929001827 0.7273379971179786 3.3427665046551813 12.343369439865956
0.004835847209997878 3.3640124446367614 18.60731680146297 14.624001835853834 -0.46825672141132774 4.07598929001827 0.7273379971179786 3.3427665046551813 12.343369439865956
0.004835847204158751 3.3640124346367615 18.607316811462972 14.624001835853834 -0.46825672141132774 4.07598929001827 0.7273379971179786 3.3427665046551813 12.343369439865956
0.0048358472041200315 3.3640124346367615 18.60731680146297 14.624001845853835 -0.46825672141132774 4.07598929001827 0.7273379971179786 3.3427665046551813 12.343369439865956
0.004835847203679745 3.3640124346367615 18.60731680146297 14.624001835853834 -0.46825671141132774 4.07598929001827 0.7273379971179786 3.3427665046551813 12.343369439865956
0.004835847204967773 3.3640124346367615 18.60731680146297 14.624001835853834 -0.46825672141132774 4.07598930001827 0.7273379971179786 3.3427665046551813 12.343369439865956
0.0048358472077612595 3.3640124346367615 18.60731680146297 14.624001835853834 -0.46825672141132774 4.07598929001827 0.7273380071179787 3.3427665046551813 12.343369439865956
0.00483584719261347 3.3640124346367615 18.60731680146297 14.624001835853834 -0.46825672141132774 4.07598929001827 0.7273379971179786 3.3427665146551813 12.343369439865956
0.004835847200876275 3.3640124346367615 18.60731680146297 14.624001835853834 -0.46825672141132774 4.07598929001827 0.7273379971179786 3.3427665046551813 12.343369449865957
0.004833536369260705 3.363454431815895 18.601460116567445 14.602574116006862 -0.4600302175592529 4.111450155681301 0.7279980840670366 3.342674489132975 12.366475605743878
0.00483353637188555 3.363454441815895 18.601460116567445 14.602574116006862 -0.4600302175592529 4.111450155681301 0.7279980840670366 3.342674489132975 12.366475605743878
0.004833536369447134 3.363454431815895 18.601460126567446 14.602574116006862 -0.4600302175592529 4.111450155681301 0.7279980840670366 3.342674489132975 12.366475605743878
0.004833536369838266 3.363454431815895 18.601460116567445 14.602574126006862 -0.4600302175592529 4.111450155681301 0.7279980840670366 3.342674489132975 12.366475605743878
0.004833536369442205 3.363454431815895 18.601460116567445 14.602574116006862 -0.4600302075592529 4.111450155681301 0.7279980840670366 3.342674489132975 12.366475605743878
0.0048335363705676515 3.363454431815895 18.601460116567445 14.602574116006862 -0.4600302175592529 4.111450165681301 0.7279980840670366 3.342674489132975 12.366475605743878
0.004833536382591719 3.363454431815895 18.601460116567445 14.602574116006862 -0.4600302175592529 4.111450155681301 0.7279980940670366 3.342674489132975 12.366475605743878
0.004833536358166962 3.363454431815895 18.601460116567445 14.602574116006862 -0.4600302175592529 4.111450155681301 0.7279980840670366 3.342674499132975 12.366475605743878
0.004833536366781257 3.363454431815895 18.601460116567445 14.602574116006862 -0.4600302175592529 4.111450155681301 0.7279980840670366 3.342674489132975 12.366475615743878
0.004828525850668938 3.3618953126426536 18.59019857052342 14.540019815563731 -0.4361308271861872 4.217296895323349 0.7269762641948222 3.3485018328754728 12.41817507976327
0.004828525843592971 3.3618953226426536 18.59019857052342 14.540019815563731 -0.4361308271861872 4.217296895323349 0.7269762641948222 3.3485018328754728 12.41817507976327
0.004828525850239601 3.3618953126426536 18.59019858052342 14.540019815563731 -0.4361308271861872 4.217296895323349 0.7269762641948222 3.3485018328754728 12.41817507976327
0.004828525850622377 3.3618953126426536 18.59019857052342 14.540019825563732 -0.4361308271861872 4.217296895323349 0.7269762641948222 3.3485018328754728 12.41817507976327
0.004828525849979927 3.3618953126426536 18.59019857052342 14.540019815563731 -0.4361308171861872 4.217296895323349 0.7269762641948222 3.3485018328754728 12.41817507976327
0.004828525850297396 3.3618953126426536 18.59019857052342 14.540019815563731 -0.4361308271861872 4.217296905323349 0.7269762641948222 3.3485018328754728 12.41817507976327
0.004828525822156349 3.3618953126426536 18.59019857052342 14.540019815563731 -0.4361308271861872 4.217296895323349 0.7269762741948222 3.3485018328754728 12.41817507976327
0.004828525842578458 3.3618953126426536 18.59019857052342 14.540019815563731 -0.4361308271861872 4.217296895323349 0.7269762641948222 3.3485018428754727 12.41817507976327
0.004828525851878206 3.3618953126426536 18.59019857052342 14.540019815563731 -0.4361308271861872 4.217296895323349 0.7269762641948222 3.3485018328754728 12.41817508976327
0.004821636142369544 3.3610379166458935 18.59206617440136 14.560849783349305 -0.444088305706449 4.180389061771511 0.7281567436533362 3.35551749079207 12.40673169060985
0.00482163613214488 3.3610379266458934 18.59206617440136 14.560849783349305 -0.444088305706449 4.180389061771511 0.7281567436533362 3.35551749079207 12.40673169060985
0.0048216361417474565 3.3610379166458935 18.59206618440136 14.560849783349305 -0.444088305706449 4.180389061771511 0.7281567436533362 3.35551749079207 12.40673169060985
0.004821636142595045 3.3610379166458935 18.59206617440136 14.560849793349306 -0.444088305706449 4.180389061771511 0.7281567436533362 3.35551749079207 12.40673169060985
0.0048216361420019525 3.3610379166458935 18.59206617440136 14.560849783349305 -0.44408829570644903 4.180389061771511 0.7281567436533362 3.35551749079207 12.40673169060985
0.004821636142257174 3.3610379166458935 18.59206617440136 14.560849783349305 -0.444088305706449 4.180389071771511 0.7281567436533362 3.35551749079207 12.40673169060985
0.0048216361299652155 3.3610379166458935 18.59206617440136 14.560849783349305 -0.444088305706449 4.180389061771511 0.7281567536533362 3.35551749079207 12.40673169060985
0.004821636134893755 3.3610379166458935 18.59206617440136 14.560849783349305 -0.444088305706449 4.180389061771511 0.7281567436533362 3.35551750079207 12.40673169060985
0.004821636143216785 3.3610379166458935 18.59206617440136 14.560849783349305 -0.444088305706449 4.180389061771511 0.7281567436533362 3.35551749079207 12.406731700609852
0.004807856344269327 3.358383245997645 18.609009790637813 14.659779687287665 -0.4819885422529209 4.009331580232168 0.730376375342227 3.3853240145424186 12.32982418008378
0.0048078563332176 3.3583832559976448 18.609009790637813 14.659779687287665 -0.4819885422529209 4.009331580232168 0.730376375342227 3.3853240145424186 12.32982418008378
0.004807856343633773 3.358383245997645 18.609009800637814 14.659779687287665 -0.4819885422529209 4.009331580232168 0.730376375342227 3.3853240145424186 12.32982418008378
0.004807856344951769 3.358383245997645 18.609009790637813 14.659779697287666 -0.4819885422529209 4.009331580232168 0.730376375342227 3.3853240145424186 12.32982418008378
0.004807856344446263 3.358383245997645 18.609009790637813 14.659779687287665 -0.48198853225292093 4.009331580232168 0.730376375342227 3.3853240145424186 12.32982418008378
0.0048078563448281115 3.358383245997645 18.609009790637813 14.659779687287665 -0.4819885422529209 4.009331590232168 0.730376375342227 3.3853240145424186 12.32982418008378
0.004807856359059712 3.358383245997645 18.609009790637813 14.659779687287665 -0.4819885422529209 4.009331580232168 0.730376385342227 3.3853240145424186 12.32982418008378
0.004807856341102994 3.358383245997645 18.609009790637813 14.659779687287665 -0.4819885422529209 4.009331580232168 0.730376375342227 3.3853240245424185 12.32982418008378
0.004807856343729227 3.358383245997645 18.609009790637813 14.659779687287665 -0.4819885422529209 4.009331580232168 0.730376375342227 3.3853240145424186 12.32982419008378
0.00480640943181025 3.3579659037991227 18.61509066038475 14.684004504779923 -0.491311655038848 3.9680414469930665 0.7300179346125817 3.39327387000667 12.305921634455975
0.0048064094313326235 3.3579659137991227 18.61509066038475 14.684004504779923 -0.491311655038848 3.9680414469930665 0.7300179346125817 3.39327387000667 12.305921634455975
0.004806409431408838 3.3579659037991227 18.615090670384753 14.684004504779923 -0.491311655038848 3.9680414469930665 0.7300179346125817 3.39327387000667 12.305921634455975
0.004806409432375151 3.3579659037991227 18.61509066038475 14.684004514779923 -0.491311655038848 3.9680414469930665 0.7300179346125817 3.39327387000667 12.305921634455975
0.0048064094318341615 3.3579659037991227 18.61509066038475 14.684004504779923 -0.491311645038848 3.9680414469930665 0.7300179346125817 3.39327387000667 12.305921634455975
0.004806409432311371 3.3579659037991227 18.61509066038475 14.684004504779923 -0.491311655038848 3.9680414569930664 0.7300179346125817 3.39327387000667 12.305921634455975
0.004806409438881717 3.3579659037991227 18.61509066038475 14.684004504779923 -0.491311655038848 3.9680414469930665 0.7300179446125817 3.39327387000667 12.305921634455975
0.00480640943147363 3.3579659037991227 18.61509066038475 14.684004504779923 -0.491311655038848 3.9680414469930665 0.7300179346125817 3.39327388000667 12.305921634455975
0.004806409431361899 3.3579659037991227 18.61509066038475 14.684004504779923 -0.491311655038848 3.9680414469930665 0.7300179346125817 3.39327387000667 12.305921644455976
0.00480631415091111 3.357943647589974 18.615388494505527 14.68303146117731 -0.4909587951262639 3.9696350743482998 0.7297504308182104 3.3940242657733033 12.30564033601885
0.004806314151170118 3.357943657589974 18.615388494505527 14.68303146117731 -0.4909587951262639 3.9696350743482998 0.7297504308182104 3.3940242657733033 12.30564033601885
0.0048063141505080825 3.357943647589974 18.61538850450553 14.68303146117731 -0.4909587951262639 3.9696350743482998 0.7297504308182104 3.3940242657733033 12.30564033601885
0.00480631415136988 3.357943647589974 18.615388494505527 14.68303147117731 -0.4909587951262639 3.9696350743482998 0.7297504308182104 3.3940242657733033 12.30564033601885
0.004806314150781037 3.357943647589974 18.615388494505527 14.68303146117731 -0.4909587851262639 3.9696350743482998 0.7297504308182104 3.3940242657733033 12.30564033601885
0.004806314151211181 3.357943647589974 18.615388494505527 14.68303146117731 -0.4909587951262639 3.9696350843482997 0.7297504308182104 3.3940242657733033 12.30564033601885
0.00480631415093623 3.357943647589974 18.615388494505527 14.68303146117731 -0.4909587951262639 3.9696350743482998 0.7297504408182105 3.3940242657733033 12.30564033601885
0.00480631415103286 3.357943647589974 18.615388494505527 14.68303146117731 -0.4909587951262639 3.9696350743482998 0.7297504308182104 3.3940242757733032 12.30564033601885
0.004806314150867588 3.357943647589974 18.615388494505527 14.68303146117731 -0.4909587951262639 3.9696350743482998 0.7297504308182104 3.3940242657733033 12.305640346018851
0.004806306189749108 3.3579867033852415 18.616006853169704 14.686184254195023 -0.49216937227174584 3.964202633439381 0.7297403796323806 3.39417812640212 12.302989724938318
0.004806306190060446 3.3579867133852415 18.616006853169704 14.686184254195023 -0.49216937227174584 3.964202633439381 0.7297403796323806 3.39417812640212 12.302989724938318
0.004806306189354162 3.3579867033852415 18.616006863169705 14.686184254195023 -0.49216937227174584 3.964202633439381 0.7297403796323806 3.39417812640212 12.302989724938318
0.004806306190199786 3.3579867033852415 18.616006853169704 14.686184264195024 -0.49216937227174584 3.964202633439381 0.7297403796323806 3.39417812640212 12.302989724938318
0.004806306189611988 3.3579867033852415 18.616006853169704 14.686184254195023 -0.49216936227174585 3.964202633439381 0.7297403796323806 3.39417812640212 12.302989724938318
0.004806306190029883 3.3579867033852415 18.616006853169704 14.686184254195023 -0.49216937227174584 3.964202643439381 0.7297403796323806 3.39417812640212 12.302989724938318
0.004806306189285259 3.3579867033852415 18.616006853169704 14.686184254195023 -0.49216937227174584 3.964202633439381 0.7297403896323806 3.39417812640212 12.302989724938318
0.004806306189832435 3.3579867033852415 18.616006853169704 14.686184254195023 -0.49216937227174584 3.964202633439381 0.7297403796323806 3.39417813640212 12.302989724938318
0.004806306189664112 3.3579867033852415 18.616006853169704 14.686184254195023 -0.49216937227174584 3.964202633439381 0.7297403796323806 3.39417812640212 12.302989734938318
0.004807149617197984 3.357490776560871 18.617274263371236 14.679701975275295 -0.4897459724457034 3.9752502981617432 0.7294563067213149 3.3952230602371434 12.302478713482285
0.004807149564396364 3.357490786560871 18.617274263371236 14.679701975275295 -0.4897459724457034 3.9752502981617432 0.7294563067213149 3.3952230602371434 12.302478713482285
0.004807149616374508 3.357490776560871 18.617274273371237 14.679701975275295 -0.4897459724457034 3.9752502981617432 0.7294563067213149 3.3952230602371434 12.302478713482285
0.004807149617337168 3.357490776560871 18.617274263371236 14.679701985275296 -0.4897459724457034 3.9752502981617432 0.7294563067213149 3.3952230602371434 12.302478713482285
0.0048071496167144965 3.357490776560871 18.617274263371236 14.679701975275295 -0.4897459624457034 3.9752502981617432 0.7294563067213149 3.3952230602371434 12.302478713482285
0.004807149616803286 3.357490776560871 18.617274263371236 14.679701975275295 -0.4897459724457034 3.975250308161743 0.7294563067213149 3.3952230602371434 12.302478713482285
0.004807149599041693 3.357490776560871 18.617274263371236 14.679701975275295 -0.4897459724457034 3.9752502981617432 0.729456316721315 3.3952230602371434 12.302478713482285
0.004807149610813398 3.357490776560871 18.617274263371236 14.679701975275295 -0.4897459724457034 3.9752502981617432 0.7294563067213149 3.3952230702371433 12.302478713482285
0.004807149617047837 3.357490776560871 18.617274263371236 14.679701975275295 -0.4897459724457034 3.9752502981617432 0.7294563067213149 3.3952230602371434 12.302478723482286
0.004806305748409336 3.3579718907347944 18.616044708964886 14.685990637461625 -0.49209698866038876 3.9645326119518303 0.7297318947662141 3.39420933713499 12.302974461730722
0.004806305747134276 3.3579719007347943 18.616044708964886 14.685990637461625 -0.49209698866038876 3.9645326119518303 0.7297318947662141 3.39420933713499 12.302974461730722
0.004806305748007474 3.3579718907347944 18.616044718964886 14.685990637461625 -0.49209698866038876 3.9645326119518303 0.7297318947662141 3.39420933713499 12.302974461730722
0.004806305748860043 3.3579718907347944 18.616044708964886 14.685990647461626 -0.49209698866038876 3.9645326119518303 0.7297318947662141 3.39420933713499 12.302974461730722
0.004806305748259828 3.3579718907347944 18.616044708964886 14.685990637461625 -0.49209697866038876 3.9645326119518303 0.7297318947662141 3.39420933713499 12.302974461730722
0.004806305748673633 3.3579718907347944 18.616044708964886 14.685990637461625 -0.49209698866038876 3.96453262195183 0.7297318947662141 3.39420933713499 12.302974461730722
0.004806305747427023 3.3579718907347944 18.616044708964886 14.685990637461625 -0.49209698866038876 3.9645326119518303 0.7297319047662142 3.39420933713499 12.302974461730722
0.004806305748304206 3.3579718907347944 18.616044708964886 14.685990637461625 -0.49209698866038876 3.9645326119518303 0.7297318947662141 3.39420934713499 12.302974461730722
0.004806305748331893 3.3579718907347944 18.616044708964886 14.685990637461625 -0.49209698866038876 3.9645326119518303 0.7297318947662141 3.39420933713499 12.302974471730723
